60000
0	1	34.4
1	0	34.4
0	6309	34.8
6309	0	34.8
0	6353	48.8
6353	0	48.8
6353	6354	39.3
6354	6353	39.3
6353	6364	31.4
6364	6353	31.4
6353	6386	15.3
6309	6310	59.7
6310	6309	59.7
6309	6344	51.6
6344	6309	51.6
2	3	23.2
3	2	23.2
2	4	40.6
4	2	40.6
2	7	41.3
7	2	41.3
3	309	8.4
309	3	8.4
4	273	58.9
4	274	36.9
274	4	36.9
4	388	0.7
388	4	0.7
7	8	56.4
8	7	56.4
7	16	22.2
16	7	22.2
7	3998	19.2
3998	7	19.2
309	6	26.4
6	309	26.4
309	274	35.2
274	309	35.2
273	4	9.8
4	273	9.8
273	3861	25.0
3861	273	25.0
273	3862	30.0
3862	273	30.0
273	3872	39.6
3872	273	39.6
274	3862	51.3
3862	274	51.3
388	389	34.2
389	388	34.2
388	4005	36.2
4005	388	36.2
388	4006	46.6
4006	388	46.6
5	6	10.3
6	5	10.3
5	8	56.8
8	5	56.8
5	9	25.1
9	5	25.1
6	305	16.8
305	6	16.8
6	310	11.1
310	6	11.1
9	12	27.6
12	9	27.6
9	10464	39.0
10464	9	39.0
310	15	46.7
15	310	46.7
310	311	21.1
311	310	21.1
16	17	0.7
17	16	0.7
16	18	20.2
18	16	20.2
3998	3999	5.2
3999	3998	5.2
3998	4006	35.1
4006	3998	35.1
12	13	52.2
13	12	52.2
12	14	14.8
14	12	14.8
10464	311	54.6
311	10464	54.6
10	11	36.3
11	10	36.3
10	22	29.6
22	10	29.6
10	77	24.3
77	10	24.3
11	44	35.3
44	11	35.3
22	44	29.6
44	22	29.6
22	58	26.7
22	69	25.2
69	22	25.2
77	76	0.6
76	77	0.6
77	197	3.5
197	77	3.5
44	45	6.9
45	44	6.9
44	51	59.5
51	44	59.5
14	15	27.7
15	14	27.7
14	20	30.3
20	14	30.3
15	312	43.7
312	15	43.7
20	19	42.0
19	20	42.0
20	24	39.1
20	312	9.6
312	20	9.6
312	26	37.3
26	312	37.3
18	24	38.7
24	18	38.7
18	266	49.8
266	18	49.8
266	303	48.5
24	20	26.4
20	24	26.4
24	23	43.2
23	24	43.2
24	303	3.2
19	21	46.1
19	23	58.8
23	19	58.8
19	25	40.3
25	19	40.3
21	19	35.9
23	38	11.9
38	23	11.9
25	26	5.2
26	25	5.2
25	29	12.8
29	25	12.8
58	22	59.9
22	58	59.9
58	50	28.0
50	58	28.0
58	70	41.8
70	58	41.8
69	70	25.6
70	69	25.6
69	76	33.5
76	69	33.5
69	83	22.1
83	69	22.1
38	39	37.8
39	38	37.8
38	52	36.7
52	38	36.7
303	24	52.3
24	303	52.3
303	39	4.6
39	303	4.6
303	266	5.7
266	303	5.7
303	304	15.6
304	303	15.6
26	37	45.6
37	26	45.6
29	27	17.3
27	29	17.3
29	314	30.6
314	29	30.6
37	36	16.1
36	37	16.1
37	313	20.8
313	37	20.8
27	28	29.2
28	27	29.2
27	30	28.8
30	27	28.8
30	31	41.5
31	30	41.5
30	32	48.1
32	30	48.1
314	315	47.7
314	316	59.5
316	314	59.5
32	33	4.3
33	32	4.3
32	34	50.2
34	32	50.2
34	35	19.9
35	34	19.9
34	36	44.5
36	34	44.5
36	40	17.2
40	36	17.2
36	313	10.5
313	36	10.5
40	45	47.5
40	67	13.5
67	40	13.5
313	276	57.0
276	313	57.0
39	317	34.5
317	39	34.5
39	4027	58.5
4027	39	58.5
52	53	1.4
53	52	1.4
52	71	50.9
71	52	50.9
52	132	31.6
132	52	31.6
4027	304	45.9
4027	4004	19.9
4004	4027	19.9
4027	4299	41.6
4299	4027	41.6
317	72	34.1
72	317	34.1
317	4041	24.1
4041	317	24.1
317	4055	10.7
4055	317	10.7
45	40	36.5
40	45	36.5
45	275	59.9
275	45	59.9
45	279	55.2
279	45	55.2
41	42	21.2
42	41	21.2
41	43	34.8
43	41	34.8
41	57	9.1
57	41	9.1
42	279	42.5
279	42	42.5
42	8841	43.4
57	56	10.9
56	57	10.9
57	64	49.4
64	57	49.4
57	75	33.7
75	57	33.7
8841	42	12.0
42	8841	12.0
279	53	9.5
51	50	11.6
50	51	11.6
275	276	34.4
275	284	47.7
284	275	47.7
46	47	22.8
47	46	22.8
46	56	3.5
56	46	3.5
46	59	57.0
59	46	57.0
47	55	11.0
55	47	11.0
47	60	21.9
60	47	21.9
56	65	56.8
65	56	56.8
59	60	36.0
60	59	36.0
59	65	21.0
65	59	21.0
59	68	10.1
68	59	10.1
55	49	45.2
49	55	45.2
55	54	46.7
54	55	46.7
60	54	10.7
54	60	10.7
48	49	35.0
49	48	35.0
48	54	31.0
54	48	31.0
48	63	23.8
63	48	23.8
48	277	57.6
277	48	57.6
54	62	6.8
62	54	6.8
277	53	18.9
53	277	18.9
277	326	39.1
326	277	39.1
63	62	21.0
50	61	37.3
61	50	37.3
61	70	32.1
70	61	32.1
61	81	9.9
81	61	9.9
53	278	41.7
278	53	41.7
53	279	38.4
279	53	38.4
71	72	34.8
72	71	34.8
71	319	13.4
319	71	13.4
132	151	58.1
151	132	58.1
132	152	51.8
152	132	51.8
278	148	4.9
148	278	4.9
278	156	1.5
156	278	1.5
62	63	20.6
62	68	43.7
68	62	43.7
65	75	37.7
65	78	10.6
78	65	10.6
64	66	17.7
66	64	17.7
64	80	15.1
80	64	15.1
75	65	37.0
65	75	37.0
75	80	25.4
80	75	25.4
75	82	2.3
82	75	2.3
70	93	2.1
93	70	2.1
68	78	46.3
81	79	7.9
79	81	7.9
81	93	1.3
93	81	1.3
81	95	39.8
95	81	39.8
66	73	54.1
73	66	54.1
66	86	3.6
86	66	3.6
80	86	27.8
86	80	27.8
80	87	2.5
87	80	2.5
78	68	29.5
68	78	29.5
78	82	22.1
82	78	22.1
73	74	16.2
74	73	16.2
73	79	27.9
79	73	27.9
86	89	5.1
89	86	5.1
86	94	8.8
94	86	8.8
76	88	7.6
88	76	7.6
76	198	48.4
198	76	48.4
83	88	34.7
88	83	34.7
83	92	45.3
92	83	45.3
93	92	30.8
92	93	30.8
72	318	38.2
318	72	38.2
319	320	38.9
320	319	38.9
319	4052	13.2
4052	319	13.2
79	89	41.6
89	79	41.6
82	87	51.5
87	82	51.5
82	106	40.3
106	82	40.3
88	96	18.3
96	88	18.3
88	387	10.9
387	88	10.9
198	197	2.1
197	198	2.1
198	10925	27.3
10925	198	27.3
197	387	49.6
387	197	49.6
89	95	20.6
95	89	20.6
89	97	9.7
97	89	9.7
87	94	23.6
94	87	23.6
87	99	16.8
99	87	16.8
95	101	31.4
101	95	31.4
95	102	33.9
106	105	33.6
105	106	33.6
92	96	38.6
96	92	38.6
92	98	56.3
98	92	56.3
84	85	27.7
85	84	27.7
84	352	58.1
352	84	58.1
84	9833	23.1
9833	84	23.1
85	853	47.3
85	895	43.4
895	85	43.4
9833	907	59.4
9833	7597	26.3
7597	9833	26.3
9833	9836	50.1
853	85	43.5
85	853	43.5
895	896	4.5
896	895	4.5
895	2726	27.6
2726	895	27.6
94	97	45.0
97	94	45.0
94	108	24.2
108	94	24.2
99	100	11.9
99	105	14.8
105	99	14.8
99	3558	23.2
3558	99	23.2
96	103	36.0
103	96	36.0
96	104	49.1
104	96	49.1
97	102	57.5
97	107	32.3
107	97	32.3
90	91	51.2
91	90	51.2
90	297	8.2
297	90	8.2
90	400	27.6
400	90	27.6
90	1520	12.9
1520	90	12.9
90	1642	11.1
1642	90	11.1
91	295	23.3
295	91	23.3
91	297	20.3
297	91	20.3
91	345	9.7
345	91	9.7
297	257	21.6
257	297	21.6
297	293	40.6
293	297	40.6
400	397	46.6
397	400	46.6
400	1642	3.3
1642	400	3.3
1642	5901	27.8
5901	1642	27.8
295	296	7.3
296	295	7.3
295	298	26.0
298	295	26.0
295	382	27.9
382	295	27.9
345	344	4.8
344	345	4.8
345	382	5.2
382	345	5.2
345	403	49.6
403	345	49.6
98	101	34.4
101	98	34.4
98	104	5.5
108	100	45.3
100	108	45.3
108	107	49.0
107	108	49.0
108	110	1.8
101	112	38.1
112	101	38.1
101	2339	41.8
2339	101	41.8
102	95	39.5
95	102	39.5
102	97	13.9
97	102	13.9
102	111	28.3
111	102	28.3
102	113	45.0
103	115	36.0
115	103	36.0
103	124	32.8
124	103	32.8
104	98	49.0
98	104	49.0
104	115	14.4
115	104	14.4
104	120	10.0
120	104	10.0
107	113	2.1
113	107	2.1
107	346	50.0
346	107	50.0
100	99	10.2
100	109	18.7
109	100	18.7
105	9062	2.1
9062	105	2.1
109	110	3.0
110	109	3.0
109	118	1.5
118	109	1.5
2339	112	27.5
112	2339	27.5
2339	120	25.5
120	2339	25.5
112	111	15.9
111	112	15.9
111	119	2.9
119	111	2.9
111	122	40.0
122	111	40.0
113	102	31.1
113	114	28.6
114	113	28.6
113	121	21.3
121	113	21.3
115	120	46.8
120	115	46.8
115	123	36.0
123	115	36.0
115	128	3.8
128	115	3.8
124	123	43.5
123	124	43.5
124	347	43.7
347	124	43.7
120	119	4.6
119	120	4.6
9062	117	33.1
117	9062	33.1
346	110	12.3
110	108	35.3
108	110	35.3
110	346	3.0
346	110	3.0
118	116	10.1
116	118	10.1
119	125	23.9
125	119	23.9
122	121	47.5
121	122	47.5
122	125	56.7
125	122	56.7
122	127	29.7
127	122	29.7
121	126	33.2
123	136	29.5
128	125	44.7
125	128	44.7
128	138	59.6
138	128	59.6
116	117	15.0
117	116	15.0
116	133	10.5
133	116	10.5
125	129	42.3
129	125	42.3
126	121	25.6
121	126	25.6
126	127	25.1
127	126	25.1
126	130	42.3
130	126	42.3
127	129	29.1
129	127	29.1
127	134	45.4
134	127	45.4
136	123	48.2
123	136	48.2
136	135	44.4
135	136	44.4
136	347	31.6
347	136	31.6
129	137	11.7
137	129	11.7
130	131	38.4
131	130	38.4
130	134	36.4
134	130	47.4
130	134	47.4
134	137	54.0
137	134	54.0
134	142	19.9
142	134	19.9
138	137	53.2
137	138	53.2
138	144	55.5
144	138	55.5
138	8855	48.2
8855	138	48.2
137	145	24.2
145	137	24.2
151	153	25.5
153	151	25.5
151	156	6.0
156	151	6.0
152	153	43.5
153	152	43.5
152	154	17.0
154	152	17.0
142	141	45.5
141	142	45.5
142	145	49.1
145	142	49.1
135	284	53.4
284	135	53.4
135	8946	50.8
8946	135	50.8
284	406	42.2
8946	411	45.3
411	8946	45.3
8946	2342	7.5
2342	8946	7.5
8946	8947	37.0
8947	8946	37.0
145	143	35.9
143	145	35.9
144	143	28.7
143	144	28.7
144	177	5.1
177	144	5.1
144	8862	16.5
8862	144	16.5
8855	140	52.0
140	8855	52.0
8855	8862	42.3
8862	8855	42.3
139	140	53.8
140	139	53.8
139	2342	3.6
2342	139	3.6
139	8862	52.5
8862	139	52.5
8862	9824	32.3
9824	8862	32.3
141	143	34.8
143	141	34.8
141	325	35.7
325	141	35.7
325	324	20.2
324	325	20.2
325	8951	15.9
146	147	17.9
147	146	17.9
146	148	58.8
148	146	58.8
146	149	15.5
149	146	15.5
147	148	28.1
148	147	28.1
147	150	16.8
150	147	16.8
147	412	33.5
412	147	33.5
148	324	0.7
324	148	0.7
149	150	45.9
150	149	45.9
149	161	52.9
161	149	52.9
412	322	54.1
322	412	54.1
412	10926	40.3
10926	412	40.3
150	406	45.8
406	150	45.8
150	411	32.3
411	150	32.3
324	322	4.0
322	324	4.0
161	175	55.2
175	161	55.2
161	328	18.8
411	8949	4.7
8949	411	4.7
406	284	48.3
284	406	48.3
406	285	38.9
285	406	38.9
156	155	15.1
155	156	15.1
156	4323	40.9
4323	156	40.9
153	154	16.3
154	153	16.3
153	8945	3.4
8945	153	3.4
155	157	39.6
157	155	39.6
155	166	36.1
166	155	36.1
157	162	20.4
162	157	20.4
157	170	49.7
170	157	49.7
166	165	55.8
165	166	55.8
166	332	53.5
332	166	53.5
4323	4091	28.4
4091	4323	28.4
4323	4138	49.6
4138	4323	49.6
170	171	23.5
171	170	23.5
170	4137	16.7
4137	170	16.7
158	159	5.9
159	158	5.9
158	160	26.4
160	158	26.4
158	280	41.0
280	158	41.0
159	280	52.8
280	159	52.8
159	282	33.4
282	159	33.4
280	281	20.8
281	280	20.8
282	283	54.0
283	282	54.0
175	173	41.8
173	175	41.8
175	178	1.0
328	161	11.6
161	328	11.6
328	327	46.7
327	328	46.7
328	4478	1.5
4478	328	1.5
328	8933	30.7
163	164	35.6
164	163	35.6
163	165	37.6
165	163	37.6
163	180	58.0
180	163	58.0
164	180	34.8
180	164	34.8
164	327	57.3
327	164	57.3
165	171	39.3
171	165	39.3
180	179	29.0
327	329	24.7
329	327	24.7
327	4477	51.2
4477	327	51.2
171	4139	51.8
4139	171	51.8
167	168	10.3
168	167	10.3
167	169	16.9
169	167	16.9
167	172	30.8
172	167	30.8
168	281	23.1
281	168	23.1
168	286	13.8
286	168	13.8
172	176	35.1
176	172	35.1
172	292	50.1
292	172	50.1
286	292	9.2
292	286	9.2
4137	4138	16.6
4138	4137	16.6
4137	4150	29.6
4150	4137	29.6
4139	334	50.5
334	4139	50.5
4139	4502	0.7
4502	4139	0.7
176	173	37.2
173	176	37.2
176	178	12.6
178	176	12.6
292	291	2.2
291	292	2.2
173	174	31.3
174	173	31.3
178	175	55.0
175	178	55.0
178	181	48.8
181	178	48.8
181	182	18.4
181	183	29.9
183	181	29.9
179	180	17.8
180	179	17.8
179	184	28.8
184	179	28.8
179	185	4.5
185	179	4.5
185	183	25.9
183	185	25.9
185	186	51.0
186	185	51.0
182	181	56.8
181	182	56.8
183	291	48.0
291	183	48.0
291	289	3.1
289	291	3.1
186	187	25.4
187	186	25.4
186	188	55.6
188	186	55.6
187	333	47.6
333	187	47.6
187	336	51.0
336	187	51.0
188	194	31.1
194	188	31.1
188	289	36.8
289	188	36.8
333	334	15.6
334	333	15.6
333	335	33.5
335	333	33.5
194	195	14.0
195	194	14.0
194	361	50.0
361	194	50.0
289	362	49.9
362	289	49.9
189	190	2.5
190	189	2.5
189	191	52.9
191	189	52.9
189	193	19.6
193	189	19.6
190	5294	54.8
5294	190	54.8
190	5297	21.9
5297	190	21.9
191	4444	38.4
191	4454	44.5
193	192	17.4
192	193	17.4
193	9967	42.9
9967	193	42.9
5294	10525	34.6
10525	5294	34.6
5294	10937	2.3
10937	5294	2.3
5297	4356	32.3
4356	5297	32.3
5297	4444	32.8
4444	5297	32.8
5297	10525	23.0
10525	5297	23.0
4454	191	32.9
191	4454	32.9
4454	4356	23.7
4454	4506	50.9
4506	4454	50.9
4444	191	54.9
191	4444	54.9
4444	4356	17.9
4444	10526	21.4
10526	4444	21.4
192	196	37.8
196	192	37.8
192	10687	59.7
10687	192	59.7
196	195	56.0
195	196	56.0
196	10400	13.9
10400	196	13.9
10687	4212	40.5
4212	10687	40.5
10687	10696	35.4
10696	10687	35.4
9967	9968	1.7
9968	9967	1.7
9967	10417	23.1
10417	9967	23.1
195	338	9.9
361	200	22.0
200	361	22.0
361	362	11.6
361	377	50.7
377	361	50.7
338	195	3.9
195	338	3.9
338	337	1.8
337	338	1.8
338	9407	4.5
9407	338	4.5
10400	10417	49.2
10417	10400	49.2
199	200	59.7
200	199	59.7
199	205	51.0
205	199	51.0
199	206	47.8
206	199	47.8
200	373	5.1
373	200	5.1
200	376	45.9
376	200	45.9
206	207	16.3
207	206	16.3
206	210	36.3
210	206	36.3
205	204	14.4
204	205	14.4
373	290	8.1
290	373	8.1
373	374	19.7
374	373	19.7
373	375	26.2
375	373	26.2
376	207	26.3
207	376	26.3
376	377	45.3
377	376	45.3
376	391	34.1
391	376	34.1
201	202	48.7
202	201	48.7
201	203	52.2
203	201	52.2
201	204	38.3
204	201	38.3
201	213	53.1
213	201	53.1
202	208	42.7
208	202	42.7
202	383	10.0
383	202	10.0
203	383	49.5
383	203	49.5
204	210	43.6
210	204	43.6
204	212	7.1
212	204	7.1
213	208	3.9
208	213	3.9
213	212	39.5
212	213	39.5
213	222	46.0
222	213	46.0
208	209	8.2
209	208	8.2
208	214	50.6
214	208	50.6
210	211	25.6
211	210	25.6
210	215	37.0
215	210	37.0
212	215	1.6
215	212	1.6
212	221	55.7
221	212	55.7
207	1203	43.6
1203	207	43.6
1203	211	36.9
1203	360	16.6
360	1203	16.6
209	287	15.3
287	209	15.3
209	288	21.0
288	209	21.0
209	290	40.7
290	209	40.7
214	222	45.8
222	214	45.8
214	299	15.4
299	214	15.4
287	290	23.9
290	287	23.9
287	372	59.2
372	287	59.2
288	298	50.9
298	288	50.9
288	302	19.3
302	288	19.3
290	375	1.8
375	290	1.8
211	220	29.3
220	211	29.3
211	223	54.2
223	211	54.2
211	1203	14.8
1203	211	14.8
215	223	10.6
223	215	10.6
215	226	38.9
226	215	38.9
223	229	6.7
229	223	6.7
223	231	46.4
231	223	46.4
220	218	36.7
218	220	36.7
220	231	46.6
231	220	46.6
220	360	47.2
360	220	47.2
221	222	28.3
222	221	28.3
221	226	40.4
226	221	40.4
221	243	46.3
243	221	46.3
299	243	29.9
243	299	29.9
299	298	39.1
298	299	39.1
226	229	8.4
229	226	8.4
226	350	28.0
350	226	28.0
216	217	59.6
217	216	59.6
216	225	42.1
225	216	42.1
216	227	4.1
227	216	4.1
216	10893	26.7
217	219	57.6
219	217	57.6
217	224	45.1
224	217	45.1
225	228	6.8
228	225	6.8
225	233	38.6
227	224	42.7
227	233	10.3
233	227	10.3
227	236	11.7
236	227	11.7
10893	216	57.4
216	10893	57.4
224	218	27.0
218	224	27.0
224	227	33.0
227	224	33.0
224	234	27.0
234	224	27.0
219	218	0.6
218	219	0.6
219	360	6.7
360	219	6.7
218	230	24.9
230	218	24.9
230	231	18.1
231	230	18.1
230	234	20.9
234	230	20.9
230	237	4.4
237	230	4.4
231	238	11.5
243	241	3.1
241	243	3.1
243	350	46.1
350	243	46.1
229	238	4.3
238	229	4.3
234	236	43.6
236	234	43.6
234	239	40.8
239	234	40.8
228	232	24.1
232	228	24.1
228	235	54.2
235	228	54.2
233	225	13.9
225	233	13.9
233	235	1.5
235	233	1.5
233	240	10.8
240	233	10.8
350	242	16.0
242	350	16.0
350	351	54.1
351	350	54.1
236	240	51.9
232	1355	59.2
1355	232	59.2
232	1380	39.5
1380	232	39.5
235	244	47.4
244	235	47.4
238	231	6.6
231	238	6.6
238	237	51.2
237	238	51.2
237	239	47.4
239	237	47.4
237	343	46.4
343	237	46.4
240	236	20.3
236	240	20.3
240	244	50.2
244	240	50.2
240	245	34.6
245	240	34.6
239	245	26.5
245	239	26.5
239	264	9.9
264	239	9.9
244	246	5.0
244	357	8.8
357	244	8.8
245	246	16.3
264	265	51.7
265	264	51.7
264	397	14.9
397	264	14.9
264	4374	25.8
4374	264	25.8
241	242	13.2
241	296	37.1
296	241	37.1
242	241	28.1
241	242	28.1
242	356	47.6
356	242	47.6
296	384	1.5
384	296	1.5
357	248	29.0
248	357	29.0
357	359	26.4
359	357	26.4
246	244	8.3
244	246	8.3
246	245	59.6
245	246	59.6
246	359	34.5
359	246	34.5
359	358	51.9
358	359	51.9
247	248	42.8
248	247	42.8
247	249	34.2
249	247	34.2
247	259	49.3
259	247	49.3
247	405	16.4
405	247	16.4
248	358	12.6
358	248	12.6
249	250	8.3
250	249	8.3
249	251	28.4
251	249	28.4
259	258	26.6
258	259	26.6
259	1371	42.4
1371	259	42.4
405	250	6.1
250	405	6.1
405	391	49.6
391	405	49.6
250	263	43.8
263	250	43.8
250	4211	22.1
4211	250	22.1
251	258	18.7
258	251	18.7
251	263	46.4
263	251	46.4
4211	4207	38.9
4207	4211	38.9
4211	4212	16.2
4212	4211	16.2
263	262	49.4
262	263	49.4
263	4245	5.9
4245	263	5.9
258	265	26.7
265	258	26.7
252	253	38.8
253	252	38.8
252	254	14.2
252	256	59.7
256	252	59.7
253	294	50.7
253	10841	47.2
10841	253	47.2
254	252	3.4
252	254	3.4
254	10755	35.7
10755	254	35.7
254	10757	50.8
10757	254	50.8
256	255	25.5
255	256	25.5
256	293	17.2
293	256	17.2
256	341	44.2
341	256	44.2
294	253	41.9
253	294	41.9
294	293	31.5
293	294	31.5
294	10841	41.8
10841	294	41.8
10841	10756	51.7
10756	10841	51.7
10755	10756	43.6
10756	10755	43.6
10755	10757	32.7
10757	10755	32.7
10757	10941	5.0
10941	10757	5.0
255	257	2.9
257	255	2.9
255	260	59.6
260	255	59.6
257	10721	0.5
10721	257	0.5
260	261	3.7
261	260	3.7
260	340	34.4
340	260	34.4
293	10721	51.9
10721	293	51.9
341	340	37.0
340	341	37.0
341	342	20.3
342	341	20.3
341	416	45.3
416	341	45.3
265	1371	19.3
1371	265	27.2
265	1371	27.2
1371	1372	37.1
1372	1371	37.1
261	344	27.9
344	261	27.9
340	348	33.5
348	340	33.5
4245	4243	2.3
4243	4245	2.3
4245	4244	15.0
4244	4245	15.0
4245	4374	9.5
4374	4245	9.5
397	420	55.6
4374	525	24.3
525	4374	24.3
4374	7666	36.0
267	268	44.7
268	267	44.7
267	269	6.1
269	267	6.1
267	306	40.3
306	267	40.3
267	321	23.3
321	267	23.3
268	269	45.6
269	268	45.6
268	321	7.6
321	268	7.6
268	1410	56.9
1410	268	56.9
306	1401	54.2
1401	306	54.2
306	10470	21.6
10470	306	21.6
269	321	57.8
321	269	57.8
269	1400	26.2
1400	269	26.2
1410	1391	20.4
1391	1410	20.4
1410	1409	49.7
1409	1410	49.7
1410	1416	21.3
1400	1401	32.9
1401	1400	32.9
1400	1591	8.7
1591	1400	8.7
270	271	55.7
271	270	55.7
270	272	50.5
272	270	50.5
270	404	19.9
404	270	19.9
270	1666	53.4
1666	270	53.4
271	595	23.1
595	271	23.1
271	10476	4.2
10476	271	4.2
272	595	14.5
595	272	14.5
272	10109	3.9
10109	272	3.9
404	407	14.4
407	404	14.4
404	425	24.2
425	404	24.2
404	1398	49.6
1398	404	49.6
1666	1665	27.3
1665	1666	27.3
1666	1746	46.2
1666	10109	23.7
10109	1666	23.7
595	1386	4.6
1386	595	4.6
10476	1394	42.8
1394	10476	42.8
10109	10108	58.4
10108	10109	58.4
3861	4285	11.5
4285	3861	11.5
3861	4286	23.2
4286	3861	23.2
3862	448	54.9
448	3862	54.9
3872	389	41.7
389	3872	41.7
3872	3871	55.5
3871	3872	55.5
3872	4286	39.0
276	275	22.3
275	276	22.3
283	285	27.7
285	283	27.7
372	371	15.1
371	372	15.1
298	803	46.4
803	298	46.4
302	300	28.4
300	302	28.4
302	371	51.6
371	302	51.6
302	401	16.6
401	302	16.6
362	361	18.8
361	362	18.8
362	367	3.7
367	362	3.7
375	374	18.8
374	375	18.8
382	802	26.8
803	402	45.9
402	803	45.9
803	841	21.0
841	803	21.0
300	301	33.8
301	300	33.8
300	368	7.0
368	300	7.0
300	370	30.7
370	300	30.7
301	401	33.9
401	301	33.9
301	1075	49.8
1075	301	49.8
368	369	42.5
369	368	42.5
368	370	57.3
370	368	57.3
370	371	31.4
371	370	31.4
401	402	3.2
402	401	3.2
401	825	50.3
825	401	50.3
1075	1020	34.8
1075	1570	43.5
1570	1075	43.5
304	4027	52.8
4027	304	52.8
304	7600	56.2
7600	304	56.2
10470	1398	45.6
1398	10470	45.6
10470	10471	58.7
10471	10470	58.7
1401	10471	48.9
10471	1401	48.9
307	308	6.0
308	307	6.0
307	4114	24.0
4114	307	24.0
307	4479	58.2
4479	307	58.2
307	4579	20.2
4579	307	20.2
308	10614	32.3
10614	308	32.3
4114	4069	4.5
4069	4114	4.5
4114	4115	7.8
4115	4114	7.8
4479	4110	32.4
4110	4479	32.4
4479	4480	41.7
4480	4479	41.7
4579	4577	9.8
4577	4579	9.8
4579	4578	8.3
4578	4579	8.3
10614	4070	43.5
4070	10614	43.5
10614	10699	51.9
10699	10614	51.9
315	314	34.7
314	315	34.7
4041	4012	59.1
4012	4041	59.1
4041	4400	22.2
4400	4041	22.2
4055	4054	54.8
4054	4055	54.8
4055	4401	49.3
4052	4053	59.4
4053	4052	59.4
4052	4066	56.5
4066	4052	56.5
322	323	31.4
323	322	31.4
8951	325	48.3
325	8951	48.3
8951	9403	1.2
8951	9404	30.1
9404	8951	30.1
329	330	36.5
330	329	36.5
329	4144	21.2
4144	329	21.2
4477	4478	57.2
4478	4477	57.2
4477	10758	31.6
10758	4477	31.6
8933	328	3.9
328	8933	3.9
8933	8776	34.0
8776	8933	34.0
8933	8931	35.2
8931	8933	35.2
4478	10758	6.7
10758	4478	6.7
330	331	51.2
331	330	51.2
4144	10015	23.1
10015	4144	23.1
331	8775	29.1
8775	331	29.1
8775	8776	54.4
8776	8775	54.4
8775	8931	57.4
8931	8775	57.4
334	4149	10.8
4149	334	10.8
4149	4150	7.7
4150	4149	7.7
4149	4503	47.9
4149	10506	26.9
10506	4149	26.9
337	339	40.9
339	337	40.9
337	377	18.8
377	337	18.8
377	391	48.9
391	377	48.9
348	349	14.3
349	348	14.3
348	416	21.4
416	348	21.4
416	415	16.3
415	416	16.3
416	488	47.5
488	416	47.5
403	825	20.1
825	403	20.1
403	841	6.5
841	403	6.5
403	1020	28.1
353	354	19.7
354	353	19.7
353	355	24.2
355	353	24.2
353	7831	37.1
7831	353	37.1
354	508	18.9
508	354	18.9
354	509	39.3
509	354	39.3
7831	7849	17.7
7849	7831	17.7
7831	8747	58.9
8747	7831	58.9
508	439	31.5
439	508	31.5
508	510	45.5
510	508	45.5
509	513	58.6
513	509	58.6
509	514	56.5
514	509	56.5
367	374	23.2
374	367	23.2
363	364	30.2
364	363	30.2
363	991	43.4
991	363	43.4
363	4116	8.9
364	1001	26.5
1001	364	26.5
364	1009	21.7
1009	364	21.7
364	8892	5.5
991	993	58.1
993	991	58.1
991	8464	12.2
4116	363	16.5
363	4116	16.5
4116	4018	28.5
4116	8457	38.0
8457	4116	38.0
1001	8447	24.9
8447	1001	24.9
1001	9077	20.3
9077	1001	20.3
1009	1021	45.9
1021	1009	45.9
1009	1027	52.3
1027	1009	52.3
1009	1028	33.4
1028	1009	33.4
8892	364	18.0
364	8892	18.0
365	366	5.2
366	365	5.2
365	5117	10.7
5117	365	10.7
365	9332	30.7
9332	365	30.7
365	10361	30.8
366	4109	49.6
4109	366	49.6
366	4177	43.1
4177	366	43.1
9332	5854	21.8
5854	9332	21.8
9332	9331	2.0
10361	365	10.8
365	10361	10.8
10361	5062	22.1
5062	10361	22.1
10361	5131	5.9
5117	4891	56.3
5117	5854	36.8
5854	5117	36.8
369	419	38.2
369	486	20.2
486	369	20.2
419	369	41.6
369	419	41.6
419	417	25.5
417	419	25.5
419	486	41.6
486	419	41.6
419	487	53.0
487	419	53.0
486	487	11.5
487	486	11.5
378	379	53.6
378	4499	8.7
4499	378	8.7
378	10425	14.2
10425	378	14.2
379	378	17.0
378	379	17.0
4499	4498	28.8
4498	4499	28.8
4499	10252	38.3
380	381	20.9
381	380	20.9
380	1534	34.4
1534	380	34.4
380	1539	16.8
1539	380	16.8
380	1550	48.5
1550	380	48.5
380	4585	40.1
4585	380	40.1
381	1364	24.3
1364	381	24.3
381	1550	44.3
1550	381	44.3
381	10141	47.1
10141	381	47.1
1539	1540	44.9
1540	1539	44.9
1539	1541	57.0
1541	1539	57.0
1534	1535	10.5
1535	1534	10.5
1534	1541	40.5
1541	1534	40.5
1550	1535	44.4
1535	1550	44.4
1550	1547	24.1
1547	1550	24.1
4585	3471	46.2
4585	4588	54.9
4588	4585	54.9
4585	10141	7.5
10141	4585	7.5
1364	1547	49.7
1547	1364	49.7
1364	1552	39.4
1552	1364	39.4
10141	1640	35.8
1640	10141	35.8
10141	10142	1.6
10142	10141	1.6
802	382	11.5
382	802	11.5
802	920	35.0
920	802	35.0
802	992	57.0
385	386	6.7
386	385	6.7
385	390	22.0
390	385	22.0
385	392	22.2
392	385	22.2
386	410	16.0
386	630	42.8
630	386	42.8
386	631	1.3
631	386	1.3
390	392	35.6
392	390	35.6
390	410	6.7
390	2161	27.1
2161	390	27.1
392	1327	1.6
1327	392	1.6
630	631	26.1
631	630	26.1
630	686	37.0
630	10451	31.2
631	707	33.1
707	631	33.1
410	386	13.1
386	410	13.1
410	390	33.5
390	410	33.5
410	1769	47.3
1769	410	47.3
410	2164	57.7
2164	410	57.7
389	3939	33.8
4006	4004	35.0
4004	4006	35.0
4006	4294	48.8
4294	4006	48.8
4005	3982	33.1
3982	4005	33.1
4005	4004	8.8
4004	4005	8.8
4005	4297	1.6
4297	4005	1.6
3939	389	49.7
389	3939	49.7
3939	3873	31.5
3873	3939	31.5
3939	3938	0.5
3938	3939	0.5
3939	4290	15.6
4290	3939	15.6
1327	914	7.4
1327	1390	40.0
1390	1327	40.0
1327	1424	46.2
1424	1327	46.2
393	394	6.9
394	393	6.9
393	1095	56.0
1095	393	56.0
393	1488	45.8
1488	393	45.8
393	1699	57.6
1699	393	57.6
394	398	3.5
398	394	3.5
394	1469	23.7
1469	394	23.7
394	1488	58.9
1488	394	58.9
1699	1455	46.3
1455	1699	46.3
1699	1456	15.9
1456	1699	15.9
1095	1096	42.2
1096	1095	42.2
1095	1463	22.2
1463	1095	22.2
1095	3473	29.4
3473	1095	29.4
1488	10810	12.1
10810	1488	12.1
1469	1468	52.6
1469	1697	9.2
1697	1469	9.2
398	399	24.7
399	398	24.7
398	1468	29.7
398	10346	39.3
10346	398	39.3
395	396	1.9
396	395	1.9
395	6485	32.3
395	6489	11.4
6489	395	11.4
396	6484	36.5
6484	396	36.5
396	6700	45.8
6700	396	45.8
6485	395	21.9
395	6485	21.9
6485	6486	51.8
6486	6485	51.8
6485	6489	41.4
6489	6485	41.4
6489	6486	29.9
6486	6489	29.9
6484	2680	13.3
2680	6484	13.3
6484	6526	25.3
6526	6484	25.3
6700	6677	25.5
6677	6700	25.5
6700	6698	49.7
6698	6700	49.7
6700	6699	28.3
420	397	30.3
397	420	30.3
420	421	27.9
421	420	27.9
420	524	6.6
524	420	6.6
399	1467	12.5
399	1472	54.6
1472	399	54.6
399	10810	16.4
10810	399	16.4
1468	398	56.4
1468	1469	31.6
1469	1468	31.6
1468	10346	21.4
10346	1468	21.4
10346	1472	9.9
1472	10346	9.9
10346	1697	36.3
1697	10346	36.3
1467	399	50.1
399	1467	50.1
1467	1461	13.9
1461	1467	13.9
1467	1471	25.2
1471	1467	25.2
1472	1471	41.7
1471	1472	41.7
402	825	29.7
825	402	29.7
825	1020	55.0
1020	825	55.0
1020	403	0.7
403	1020	0.7
1020	1075	7.6
1075	1020	7.6
841	1073	58.1
1073	841	58.1
407	408	23.0
408	407	23.0
407	425	25.6
425	407	25.6
425	1396	19.1
1396	425	19.1
1398	5169	5.2
5169	1398	5.2
1398	10471	16.5
10471	1398	16.5
408	409	1.0
409	408	1.0
408	1386	26.7
1386	408	26.7
409	1592	12.5
1592	409	12.5
409	1667	1.1
1667	409	1.1
1386	1394	56.0
1394	1386	56.0
1667	1421	32.6
1421	1667	32.6
1667	1592	4.4
1592	1667	4.4
1592	1422	1.0
1422	1592	1.0
1592	1591	30.1
1591	1592	30.1
2164	680	16.9
2164	1785	4.4
1785	2164	4.4
2164	2162	23.8
2162	2164	23.8
1769	1768	42.8
1769	10437	34.5
10437	1769	34.5
8949	8833	41.5
8833	8949	41.5
8949	8947	26.9
8947	8949	26.9
413	414	51.1
414	413	51.1
413	418	7.9
418	413	7.9
413	489	48.1
489	413	48.1
414	489	26.5
489	414	26.5
414	490	22.6
490	414	22.6
414	491	29.0
491	414	29.0
489	602	15.7
602	489	15.7
489	604	13.2
604	489	13.2
418	417	3.4
417	418	3.4
418	10837	18.5
490	491	20.8
491	490	20.8
490	603	7.9
603	490	7.9
491	596	23.6
596	491	23.6
415	421	46.9
421	415	46.9
415	422	1.1
422	415	1.1
422	426	12.7
421	504	10.6
504	421	10.6
488	424	38.3
424	488	38.3
488	428	30.1
428	488	30.1
417	505	59.0
505	417	59.0
505	494	52.7
505	506	27.6
506	505	27.6
10837	418	11.0
418	10837	11.0
487	596	36.6
596	487	36.6
524	525	57.2
525	524	57.2
524	526	10.2
526	524	10.2
524	7705	58.2
7705	524	58.2
426	422	14.9
422	426	14.9
426	427	49.1
427	426	49.1
423	424	9.7
424	423	9.7
423	428	19.9
428	423	19.9
423	430	18.7
430	423	18.7
424	430	27.2
430	424	27.2
424	494	22.0
494	424	22.0
430	429	26.8
429	430	26.8
430	434	39.8
428	427	44.2
427	428	44.2
428	496	36.5
496	428	36.5
494	505	9.2
505	494	9.2
494	507	53.4
507	494	53.4
1396	1397	44.7
1397	1396	44.7
1396	1686	36.0
1686	1396	36.0
427	432	39.7
432	427	39.7
432	456	8.7
456	432	8.7
432	515	18.5
515	432	18.5
496	456	49.7
456	496	49.7
496	495	14.6
495	496	14.6
429	431	50.2
431	429	50.2
429	434	45.8
434	429	45.8
431	443	20.1
431	10838	57.1
10838	431	57.1
434	430	27.7
430	434	27.7
434	433	20.8
433	434	20.8
434	443	11.3
443	434	11.3
443	431	59.2
431	443	59.2
443	433	48.0
433	443	48.0
443	492	58.9
456	455	9.5
455	456	9.5
515	440	8.5
440	515	8.5
515	511	55.6
511	515	55.6
433	492	59.6
492	433	59.6
433	10725	40.4
10725	433	40.4
492	443	32.0
443	492	32.0
492	493	45.9
493	492	45.9
492	527	46.8
10725	590	44.4
590	10725	44.4
10725	10727	55.7
10727	10725	55.7
435	436	51.6
436	435	51.6
435	437	6.2
437	435	6.2
435	438	11.3
438	435	11.3
436	527	49.0
527	436	49.0
436	529	56.3
529	436	56.3
438	536	19.8
536	438	19.8
438	600	33.8
600	438	33.8
527	492	20.7
492	527	20.7
527	528	20.7
528	527	20.7
536	534	38.2
534	536	38.2
536	594	59.7
594	536	59.7
600	599	22.3
599	600	22.3
439	440	50.5
440	439	50.5
439	452	42.2
452	439	42.2
440	601	21.7
601	440	21.7
452	451	18.3
451	452	18.3
452	516	2.8
516	452	2.8
601	10843	48.5
10843	601	48.5
601	10844	27.6
441	442	10.9
442	441	10.9
441	445	22.0
445	441	22.0
441	4582	57.5
4582	441	57.5
4582	10903	30.4
4582	10904	37.3
10904	4582	37.3
445	444	9.6
444	445	9.6
445	10263	38.8
10263	445	38.8
444	446	34.4
446	444	34.4
444	10283	1.8
10283	444	1.8
10283	4620	55.2
4620	10283	55.2
10283	10263	25.7
10263	10283	25.7
10263	4594	13.6
4594	10263	13.6
10263	4950	10.0
4950	10263	10.0
447	448	56.4
448	447	56.4
447	3791	52.1
3791	447	52.1
448	4285	45.9
4285	448	45.9
3791	1307	24.9
1307	3791	24.9
3791	3790	19.8
3790	3791	19.8
4285	3790	22.2
3790	4285	22.2
4285	4286	39.3
4286	4285	39.3
449	450	59.8
450	449	59.8
449	485	36.0
485	449	36.0
449	4587	44.7
4587	449	44.7
450	6748	7.1
6748	450	7.1
450	6792	29.2
6792	450	29.2
485	5907	14.2
5907	485	14.2
485	5909	24.3
5909	485	24.3
485	9113	32.0
9113	485	32.0
4587	5907	5.4
5907	4587	5.4
4587	6820	55.6
6820	4587	55.6
6748	6749	28.9
6749	6748	28.9
6748	6754	28.4
6754	6748	28.4
6792	6793	29.3
6793	6792	29.3
6792	6834	17.1
6834	6792	17.1
453	454	53.6
454	453	53.6
453	8265	29.0
8265	453	29.0
454	498	53.8
498	454	53.8
454	7530	12.5
7530	454	12.5
8265	576	50.2
576	8265	50.2
8265	8465	10.3
8465	8265	10.3
498	499	4.9
499	498	4.9
498	8942	50.4
8942	498	50.4
7530	7529	16.1
7529	7530	16.1
7530	8465	32.7
8465	7530	32.7
455	457	20.3
457	455	20.3
455	462	12.4
462	455	12.4
457	458	54.8
458	457	54.8
457	521	24.0
521	457	24.0
462	522	56.1
522	462	56.1
462	587	59.5
587	462	59.5
462	588	8.5
588	462	8.5
458	459	16.5
459	458	16.5
458	461	5.1
461	458	5.1
458	520	24.2
520	458	24.2
521	460	24.9
460	521	24.9
521	522	44.5
522	521	44.5
461	459	1.2
459	461	1.2
461	460	34.7
460	461	34.7
459	460	56.1
460	459	56.1
522	523	15.0
523	522	15.0
587	585	30.7
585	587	30.7
587	588	7.3
588	587	7.3
588	589	12.7
589	588	12.7
463	464	54.1
464	463	54.1
463	467	30.9
467	463	30.9
463	580	41.3
580	463	41.3
464	538	16.3
538	464	16.3
464	539	54.9
539	464	54.9
580	469	13.2
469	580	13.2
580	581	20.8
581	580	20.8
465	466	9.3
466	465	9.3
465	7912	11.0
7912	465	11.0
465	8788	21.4
8788	465	21.4
7912	7913	12.6
7912	7916	18.4
7916	7912	18.4
468	469	51.9
469	468	51.9
468	470	26.8
470	468	26.8
468	7936	28.4
7936	468	28.4
469	579	8.8
579	469	8.8
7936	7916	55.1
7916	7936	55.1
7936	7957	14.4
7957	7936	14.4
579	577	48.2
579	7957	37.3
7957	579	37.3
471	472	45.4
472	471	45.4
471	475	37.9
475	471	37.9
472	573	15.8
573	472	15.8
475	484	8.2
484	475	8.2
475	575	58.0
575	475	58.0
573	574	41.3
574	573	41.3
573	576	38.7
576	573	38.7
473	474	25.8
474	473	25.8
473	1580	32.1
1580	473	32.1
473	2491	10.8
2491	473	10.8
473	3499	8.1
3499	473	8.1
474	2491	8.0
2491	474	8.0
474	3500	4.9
3500	474	4.9
1580	3500	56.6
3500	1580	56.6
1580	4421	53.8
2491	3499	22.1
3499	2491	22.1
3499	3498	19.1
3498	3499	19.1
3500	7670	1.7
7670	3500	1.7
484	8563	25.9
8563	484	25.9
575	572	29.5
572	575	29.5
575	8039	36.0
8039	575	36.0
476	477	2.6
476	497	46.7
476	4645	6.8
4645	476	6.8
477	476	24.7
476	477	24.7
477	500	20.6
500	477	20.6
477	530	38.8
530	477	38.8
477	4658	38.4
497	476	56.4
476	497	56.4
497	4659	51.0
4659	497	51.0
497	4979	40.2
4979	497	40.2
4645	500	48.4
500	4645	48.4
4645	5069	59.2
5069	4645	59.2
500	4646	47.6
4646	500	47.6
500	4647	46.1
4647	500	46.1
4658	477	2.3
477	4658	2.3
4658	4657	28.6
4657	4658	28.6
4658	4659	35.4
4659	4658	35.4
530	531	3.1
531	530	3.1
530	4657	59.5
4657	530	59.5
530	4662	54.0
4662	530	54.0
478	479	17.8
479	478	17.8
478	775	58.4
478	776	25.4
776	478	25.4
478	807	40.4
807	478	40.4
775	478	33.3
478	775	33.3
775	776	2.2
776	775	2.2
775	1049	29.5
1049	775	29.5
776	1053	26.8
1053	776	26.8
807	798	18.2
798	807	18.2
807	809	51.0
809	807	51.0
480	481	25.5
481	480	25.5
481	554	11.5
554	481	11.5
481	556	54.5
556	481	54.5
554	553	18.8
553	554	18.8
554	555	33.4
555	554	33.4
556	555	14.2
555	556	14.2
556	557	3.4
557	556	3.4
482	483	3.2
483	482	51.1
482	483	51.1
483	548	40.5
548	483	40.5
483	550	10.2
550	483	10.2
548	547	21.7
547	548	21.7
548	549	36.7
549	548	36.7
550	551	17.2
551	550	17.2
550	552	55.7
552	550	55.7
8563	8010	8.4
8010	8563	8.4
8563	8021	30.8
8563	8039	2.8
8039	8563	2.8
5909	5907	45.2
5907	5909	45.2
5909	9113	41.4
9113	5909	41.4
602	603	8.4
603	602	8.4
602	604	37.0
604	602	37.0
604	605	39.8
605	604	39.8
4659	4657	26.4
4657	4659	26.4
4979	4978	5.6
4978	4979	5.6
4979	5154	15.6
5154	4979	15.6
499	577	45.7
577	499	45.7
499	8557	59.7
8557	499	59.7
8942	7529	25.2
7529	8942	25.2
577	578	11.5
578	577	11.5
577	579	8.7
579	577	8.7
8557	7986	14.3
7986	8557	14.3
8557	8547	37.8
8547	8557	37.8
8557	8675	40.8
8675	8557	40.8
4646	4639	22.2
4639	4646	22.2
4646	4647	44.9
4647	4646	44.9
4646	4963	29.4
4963	4646	29.4
4647	533	44.1
533	4647	44.1
4647	4960	11.8
4960	4647	11.8
501	502	39.0
502	501	39.0
501	503	17.6
502	540	48.0
540	502	48.0
502	542	10.4
542	502	10.4
503	501	12.9
501	503	12.9
503	540	50.2
540	503	50.2
540	541	50.4
541	540	50.4
542	543	38.0
543	542	38.0
542	8445	26.3
8445	542	26.3
513	10843	40.3
10843	513	40.3
511	512	32.0
512	511	32.0
512	8789	56.6
8789	512	56.6
517	518	12.2
518	517	12.2
517	519	38.6
519	517	38.6
517	8908	52.0
8908	517	7.8
517	8908	7.8
8908	8885	33.3
8885	8908	33.3
8908	8887	28.3
8887	8908	28.3
8908	10571	30.5
10571	8908	30.5
7705	7694	15.7
7694	7705	15.7
7705	7706	19.0
7706	7705	19.0
7705	8511	15.8
8511	7705	15.8
531	4975	3.9
4975	531	3.9
531	4977	37.2
4977	531	37.2
531	4978	8.9
4978	531	8.9
4662	4663	21.1
4663	4662	21.1
4662	4669	52.6
4669	4662	52.6
4978	5160	11.2
4975	4976	20.5
4976	4975	20.5
4975	4977	9.4
4977	4975	9.4
4977	4972	15.8
4972	4977	15.8
4977	4974	35.8
4974	4977	35.8
532	533	19.6
533	532	19.6
532	537	5.1
537	532	5.1
532	4642	36.3
4642	532	36.3
532	4961	20.8
4961	532	20.8
533	4960	27.5
4960	533	27.5
533	4961	36.6
4961	533	36.6
537	4971	42.1
4971	537	42.1
537	4974	11.7
4642	4608	43.3
4608	4642	43.3
4642	4641	9.5
4641	4642	9.5
4642	4648	11.6
4648	4642	11.6
4961	10316	49.3
10316	4961	49.3
4961	10330	28.6
10330	4961	28.6
4960	4971	39.9
4971	4960	39.9
534	535	22.0
535	534	22.0
534	594	59.9
594	534	59.9
535	594	34.3
594	535	34.3
535	605	52.5
605	535	52.5
605	606	37.6
606	605	37.6
4974	537	10.4
537	4974	10.4
4974	4972	6.0
4972	4974	6.0
4971	10359	21.8
10359	4971	21.8
541	10317	27.4
10317	541	27.4
10317	8445	1.7
8445	10317	1.7
10317	10318	33.8
10318	10317	33.8
543	544	34.5
544	543	34.5
543	547	25.0
547	543	25.0
8445	8446	1.2
8446	8445	1.2
544	549	21.3
549	544	21.3
544	8385	31.5
8385	544	31.5
8385	8365	55.3
8365	8385	55.3
8385	8384	37.7
8385	8613	30.7
8613	8385	30.7
549	8365	49.0
8365	549	49.0
549	8391	18.6
8391	549	18.6
545	546	20.0
546	545	20.0
545	9102	49.3
9102	545	49.3
545	9115	18.0
9115	545	18.0
546	1998	47.7
1998	546	47.7
546	9118	31.0
9118	546	31.0
9115	1378	58.4
1378	9115	58.4
9115	9105	24.2
9105	9115	24.2
9102	9101	44.4
9101	9102	44.4
9102	9376	46.2
9376	9102	46.2
1998	1997	28.0
1997	1998	28.0
1998	9108	40.8
9108	1998	40.8
9118	1378	43.5
1378	9118	43.5
9118	2097	56.7
2097	9118	56.7
8365	551	59.3
551	8365	59.3
8365	8372	51.8
8372	8365	51.8
551	8360	36.9
8360	551	36.9
552	553	28.0
553	552	28.0
552	8330	10.3
8330	552	10.3
8360	8373	28.9
8373	8360	28.9
8360	8601	10.9
8601	8360	10.9
8360	8602	45.1
8602	8360	45.1
553	8586	23.4
8586	553	23.4
8330	8329	37.6
8329	8330	37.6
8330	8854	42.9
8854	8330	42.9
8586	8585	32.3
8585	8586	32.3
8586	8682	24.9
8682	8586	24.9
8586	8683	19.8
8683	8586	19.8
555	8266	40.2
8266	555	40.2
555	8683	53.6
8683	555	53.6
8266	8260	2.4
8260	8266	2.4
8266	8279	46.9
8279	8266	46.9
8683	8279	32.5
8279	8683	32.5
557	558	11.0
558	557	11.0
558	559	6.0
559	558	6.0
558	8280	38.3
8280	558	38.3
559	597	56.3
597	559	56.3
559	598	3.4
598	559	3.4
8280	8261	19.4
8261	8280	19.4
8280	10851	35.8
10851	8280	35.8
597	10547	44.9
10547	597	44.9
598	8277	35.6
8277	598	35.6
598	10549	35.8
10549	598	35.8
598	10851	46.9
10851	598	46.9
560	561	23.3
561	560	23.3
560	8203	10.5
8203	560	10.5
560	10547	33.8
10547	560	33.8
561	564	57.1
564	561	57.1
561	8171	41.2
8171	561	41.2
8203	8204	20.3
8204	8203	20.3
8203	9048	51.3
9048	8203	51.3
10547	10548	11.6
10548	10547	11.6
564	562	3.9
562	564	3.9
564	8157	53.4
8157	564	53.4
8171	8157	55.0
8157	8171	55.0
8171	8173	8.1
8171	10682	8.4
10682	8171	8.4
562	563	9.4
563	562	9.4
562	565	21.4
565	562	21.4
563	8145	44.4
8145	563	44.4
563	8157	27.1
8157	563	27.1
563	10401	10.5
10401	563	10.5
565	566	16.7
566	565	16.7
565	8130	35.7
8130	565	35.7
8145	8146	32.9
8146	8145	32.9
8145	8147	10.4
8147	8145	10.4
8157	8162	58.1
8162	8157	58.1
10401	8130	59.8
8130	10401	59.8
10401	9028	43.2
9028	10401	43.2
566	567	23.1
567	566	23.1
566	8110	50.6
8110	566	50.6
8130	8110	47.0
8110	8130	47.0
567	568	2.6
568	567	2.6
567	8083	13.8
8110	8111	53.8
8111	8110	53.8
8110	8113	37.7
8113	8110	37.7
568	571	17.0
571	568	17.0
8083	567	27.9
567	8083	27.9
8083	8084	58.9
8084	8083	58.9
8083	8087	20.5
8087	8083	20.5
8083	8111	41.7
8111	8083	41.7
571	569	5.9
569	571	5.9
571	8061	11.5
8061	571	11.5
569	570	39.1
570	569	39.1
569	572	59.4
572	569	59.4
572	8676	46.1
8676	572	46.1
8061	8060	18.8
8060	8061	18.8
8061	10681	43.6
8676	8039	57.9
8039	8676	57.9
574	7999	51.1
7999	574	51.1
574	8001	37.7
576	8465	44.6
8001	574	13.6
574	8001	13.6
8001	8941	26.1
8941	8001	26.1
8001	8943	43.5
8943	8001	43.5
7999	8000	12.9
7999	8021	10.0
8021	7999	10.0
8039	8038	6.6
8038	8039	6.6
8465	576	46.3
576	8465	46.3
578	7956	14.0
7956	578	14.0
578	7968	55.6
7968	578	55.6
7956	7957	11.8
7957	7956	11.8
7956	7960	32.6
7960	7956	32.6
7957	7961	51.8
7961	7957	51.8
581	582	28.0
582	581	28.0
581	583	38.1
583	581	38.1
583	584	25.3
584	583	25.3
583	585	50.7
585	583	50.7
585	586	41.2
586	585	41.2
589	590	17.9
590	589	17.9
589	591	38.7
591	589	38.7
590	10726	18.4
10726	590	18.4
591	592	42.9
592	591	42.9
591	593	41.3
593	591	41.3
593	607	43.9
607	593	43.9
607	599	57.2
8277	8278	27.7
8277	9048	56.8
9048	8277	56.8
8277	10851	49.8
10851	8277	49.8
10549	10548	16.3
10548	10549	16.3
599	607	4.5
607	599	4.5
10844	601	28.6
601	10844	28.6
608	609	8.8
609	608	8.8
608	610	53.8
610	608	53.8
608	612	21.6
612	608	21.6
608	682	18.4
682	608	18.4
609	684	22.2
609	702	36.3
702	609	36.3
610	683	57.8
683	610	57.8
610	698	22.3
698	610	22.3
610	702	19.3
702	610	19.3
612	611	29.2
611	612	29.2
612	619	43.5
619	612	43.5
612	684	28.5
684	612	28.5
682	619	28.7
619	682	28.7
682	696	17.9
684	609	46.5
609	684	46.5
684	613	39.1
613	684	39.1
702	701	29.3
701	702	29.3
698	699	34.2
699	698	34.2
698	700	17.1
700	698	17.1
698	808	47.3
808	698	47.3
683	619	43.3
619	683	43.3
683	635	16.4
635	683	16.4
683	659	32.9
659	683	32.9
611	613	22.6
613	611	22.6
611	614	52.8
614	611	52.8
613	703	36.2
703	613	36.2
614	618	58.2
618	614	58.2
614	622	58.6
622	614	58.6
619	618	46.2
618	619	46.2
703	704	19.3
704	703	19.3
618	659	19.4
659	618	19.4
622	620	12.1
620	622	12.1
622	621	43.2
621	622	43.2
622	659	25.1
659	622	25.1
615	616	17.4
616	615	17.4
615	617	26.4
617	615	26.4
615	623	45.7
623	615	45.7
616	808	51.9
808	616	51.9
616	811	34.9
811	616	34.9
623	624	45.2
624	623	45.2
623	625	36.1
625	623	36.1
808	699	34.8
699	808	34.8
808	828	28.6
828	808	28.6
811	831	13.6
831	811	13.6
811	1013	15.2
1013	811	15.2
659	635	34.3
635	659	34.3
620	621	15.7
621	620	15.7
620	628	17.5
628	620	17.5
620	1740	33.0
621	660	48.7
660	621	48.7
628	627	56.8
628	695	6.5
695	628	6.5
1740	620	8.8
620	1740	8.8
1740	1741	41.6
1741	1740	41.6
1740	1744	11.1
1744	1740	11.1
660	661	44.1
661	660	44.1
660	704	21.4
704	660	21.4
624	831	19.0
831	624	19.0
624	1012	43.3
1012	624	43.3
625	626	37.8
626	625	37.8
831	842	28.9
626	634	42.1
634	626	42.1
626	685	47.0
634	635	2.4
635	634	2.4
634	645	18.7
645	634	18.7
685	626	49.6
626	685	49.6
685	662	27.3
662	685	27.3
685	879	35.8
879	685	35.8
685	2689	53.8
2689	685	53.8
627	628	57.8
628	627	57.8
627	629	33.3
629	627	33.3
627	637	35.5
637	627	35.5
627	638	15.2
638	627	15.2
629	637	9.6
637	629	9.6
629	668	45.6
629	669	44.5
669	629	44.5
638	639	25.0
638	653	28.7
653	638	28.7
637	636	21.0
636	637	21.0
637	639	32.8
639	637	32.8
668	629	55.6
629	668	55.6
686	630	7.7
630	686	7.7
686	687	6.6
687	686	6.6
686	692	31.7
692	686	31.7
686	10451	8.5
10451	686	8.5
10451	630	33.8
630	10451	33.8
10451	10106	9.1
10106	10451	9.1
707	10447	21.5
10447	707	21.5
632	633	8.7
633	632	8.7
632	1514	31.8
632	1557	7.5
1557	632	7.5
633	1514	31.8
1514	633	31.8
633	2769	32.7
1557	2770	14.1
2770	1557	14.1
1557	2772	36.5
2772	1557	36.5
1514	632	2.7
632	1514	2.7
1514	1513	52.7
1513	1514	52.7
2769	633	13.2
633	2769	13.2
2769	2770	46.8
2770	2769	46.8
2769	2772	25.5
2772	2769	25.5
635	646	20.1
646	635	20.1
645	646	54.0
646	645	54.0
645	2169	35.8
2169	645	35.8
646	681	31.3
681	646	31.3
646	1758	34.8
1758	646	34.8
636	639	56.8
636	672	31.5
672	636	31.5
639	636	56.8
639	638	29.2
638	639	29.2
639	653	13.7
653	639	13.7
672	641	5.6
641	672	5.6
672	10481	44.5
10481	672	44.5
653	652	3.8
652	653	3.8
653	667	47.8
667	653	47.8
640	641	53.6
641	640	53.6
640	642	39.7
642	640	39.7
640	673	50.7
673	640	50.7
641	654	5.3
654	641	5.3
641	655	27.1
655	641	27.1
641	673	14.9
673	641	14.9
642	649	56.1
649	642	56.1
642	651	10.6
651	642	10.6
673	664	25.3
664	673	25.3
673	666	43.3
666	673	43.3
654	652	44.0
652	654	44.0
654	655	15.9
654	671	8.5
654	674	51.3
674	654	51.3
655	651	40.7
651	655	40.7
655	654	29.0
654	655	29.0
655	676	29.2
676	655	29.2
649	650	36.0
650	649	36.0
649	651	2.3
651	649	2.3
643	644	23.3
644	643	23.3
643	650	18.4
650	643	18.4
643	657	21.1
657	643	21.1
644	664	46.7
664	644	46.7
644	665	4.8
665	644	4.8
644	666	21.0
666	644	21.0
650	656	10.2
656	650	10.2
657	656	53.6
656	657	53.6
657	677	50.6
664	694	26.6
694	664	26.6
664	10447	10.9
10447	664	10.9
2169	1758	7.5
1758	2169	7.5
2169	2358	21.2
2358	2169	21.2
1758	1757	59.6
1757	1758	59.6
1758	2167	26.3
2167	1758	26.3
647	648	37.7
648	647	37.7
647	678	9.6
678	647	9.6
647	687	35.9
687	647	35.9
647	1056	7.0
1056	647	7.0
648	1399	44.4
1399	648	44.4
648	2160	56.3
2160	648	56.3
648	2621	14.0
2621	648	14.0
678	1403	29.6
1403	678	29.6
678	2166	48.6
2166	678	48.6
1056	2630	46.9
2630	1056	46.9
1056	10106	39.6
10106	1056	39.6
687	10106	13.6
1399	1392	58.3
1392	1399	58.3
1399	1746	55.9
1746	1399	55.9
2621	2624	4.2
